image_width: 752
image_height: 480
camera_name: mv_26805883
camera_matrix:
  rows: 3
  cols: 3
  data: [499.908321, 0.000000, 373.119975, 0.000000, 500.920122, 262.113277, 0.000000, 0.000000, 1.000000]
distortion_model: plumb_bob
distortion_coefficients:
  rows: 1
  cols: 5
  data: [-0.433172, 0.148107, 0.000134, -0.000824, 0.000000]
rectification_matrix:
  rows: 3
  cols: 3
  data: [1.000000, 0.000000, 0.000000, 0.000000, 1.000000, 0.000000, 0.000000, 0.000000, 1.000000]
projection_matrix:
  rows: 3
  cols: 4
  data: [349.247223, 0.000000, 370.819753, 0.000000, 0.000000, 441.452881, 268.687756, 0.000000, 0.000000, 0.000000, 1.000000, 0.000000]
