image_width: 752
image_height: 480
camera_name: bluefox_optflow
camera_matrix:
  rows: 3
  cols: 3
  data: [602.694207, 0.000000, 369.660464, 0.000000, 601.037898, 226.895340, 0.000000, 0.000000, 1.000000]
distortion_model: plumb_bob
distortion_coefficients:
  rows: 1
  cols: 5
  data: [-0.406188, 0.161713, -0.000511, 0.001162, 0.000000]
rectification_matrix:
  rows: 3
  cols: 3
  data: [1.000000, 0.000000, 0.000000, 0.000000, 1.000000, 0.000000, 0.000000, 0.000000, 1.000000]
projection_matrix:
  rows: 3
  cols: 4
  data: [493.518250, 0.000000, 368.584111, 0.000000, 0.000000, 558.839661, 224.623021, 0.000000, 0.000000, 0.000000, 1.000000, 0.000000]
