image_width: 752
image_height: 480
camera_name: bluefox_brick
camera_matrix:
  rows: 3
  cols: 3
  data: [275.208615, 0.000000, 362.011898, 0.000000, 275.896042, 232.026702, 0.000000, 0.000000, 1.000000]
distortion_model: plumb_bob
distortion_coefficients:
  rows: 1
  cols: 5
  data: [-0.230276, 0.034687, -0.000168, 0.004978, 0.000000]
rectification_matrix:
  rows: 3
  cols: 3
  data: [1.000000, 0.000000, 0.000000, 0.000000, 1.000000, 0.000000, 0.000000, 0.000000, 1.000000]
projection_matrix:
  rows: 3
  cols: 4
  data: [189.639587, 0.000000, 363.683738, 0.000000, 0.000000, 209.131226, 224.862448, 0.000000, 0.000000, 0.000000, 1.000000, 0.000000]
