image_width: 752
image_height: 480
camera_name: narrow_stereo
camera_matrix:
  rows: 3
  cols: 3
  data: [610.432531, 0.000000, 377.279777, 0.000000, 610.476946, 221.477207, 0.000000, 0.000000, 1.000000]
distortion_model: plumb_bob
distortion_coefficients:
  rows: 1
  cols: 5
  data: [-0.408417, 0.178761, -0.000558, 0.000050, 0.000000]
rectification_matrix:
  rows: 3
  cols: 3
  data: [1.000000, 0.000000, 0.000000, 0.000000, 1.000000, 0.000000, 0.000000, 0.000000, 1.000000]
projection_matrix:
  rows: 3
  cols: 4
  data: [505.927185, 0.000000, 377.847353, 0.000000, 0.000000, 568.660767, 218.488029, 0.000000, 0.000000, 0.000000, 1.000000, 0.000000]
