image_width: 1280
image_height: 720
camera_name: mobius
camera_matrix:
  rows: 3
  cols: 3
  data: [589.591683, 0.000000, 636.185857, 0.000000, 662.616658, 364.340699, 0.000000, 0.000000, 1.000000]
distortion_model: rational_polynomial
distortion_coefficients:
  rows: 1
  cols: 8
  data: [0.116475, -0.020667, -0.000038, -0.000464, 0.011780, 0.498660, -0.071613, 0.027308]
rectification_matrix:
  rows: 3
  cols: 3
  data: [1.000000, 0.000000, 0.000000, 0.000000, 1.000000, 0.000000, 0.000000, 0.000000, 1.000000]
projection_matrix:
  rows: 3
  cols: 4
  data: [309.304321, 0.000000, 624.626587, 0.000000, 0.000000, 584.129272, 364.988531, 0.000000, 0.000000, 0.000000, 1.000000, 0.000000]
