image_width: 1600
image_height: 1200
camera_name: basler_right
camera_matrix:
  rows: 3
  cols: 3
  data: [989.11807,   0.     , 800.18495,
           0.     , 994.44876, 576.00354,
           0.     ,   0.     ,   1.     ]
camera_model: plumb_bob
distortion_coefficients:
  rows: 1
  cols: 5
  data: [-0.344781, 0.092018, 0.001906, -0.000215, 0.000000]
rectification_matrix:
  rows: 3
  cols: 3
  data: [1., 0., 0.,
         0., 1., 0.,
         0., 0., 1.]
projection_matrix:
  rows: 3
  cols: 4
  data: [700.89478,   0.     , 799.00265,   0.     ,
           0.     , 844.61334, 569.93047,   0.     ,
           0.     ,   0.     ,   1.     ,   0.     ]
