image_width: 1600
image_height: 1200
camera_name: basler_23764941
camera_matrix:
  rows: 3
  cols: 3
  data: [1024.3379 ,    0.     ,  819.294  ,
            0.     , 1021.10359,  577.22572,
            0.     ,    0.     ,    1.     ]
distortion_model: plumb_bob
distortion_coefficients:
  rows: 1
  cols: 5
  data: [-0.351458, 0.096494, 0.000376, -0.002668, 0.000000]
rectification_matrix:
  rows: 3
  cols: 3
  data: [1., 0., 0.,
         0., 1., 0.,
         0., 0., 1.]
projection_matrix:
  rows: 3
  cols: 4
  data: [740.58844,   0.     , 816.77991,   0.     ,
           0.     , 872.34515, 568.433  ,   0.     ,
           0.     ,   0.     ,   1.     ,   0.     ]
